4281
7518
1510
7211
1183
5641
7653
4984
8667
1030
3591
3174
2524
1952
8609
1838
876
8886
6736
2402
3728
2417
3179
2330
4153
5992
7832
7842
6751
9336
139
5577
5439
6455
3892
3204
5327
1933
7081
9323
6388
3541
8722
6422
8670
2016
310
9494
5793
6752
2509
9871
6499
3890
1673
3298
466
6177
276
3940
2074
8300
6931
6888
1232
3735
5450
5101
6651
4274
3943
425
6315
6815
4907
4640
3342
5097
4195
5785
9770
2938
9501
2703
4401
3759
9214
629
1017
326
1342
9939
1208
8247
7332
6307
8800
5297
74
1334
2592
1020
2689
3390
6583
3333
8324
5869
919
4147
874
5759
6428
5408
1043
6437
8037
7467
6413
4952
7833
5117
8903
2803
9347
2816
3159
2085
7119
2694
9674
4572
2161
9550
4674
4588
7739
9552
8738
9394
3956
188
138
4602
8363
6467
5444
3915
8424
3758
2630
6512
8296
6463
2268
7616
4466
8281
7599
8282
5244
1390
5760
8752
8031
3345
6494
4764
1438
8896
5381
4506
4085
7199
20
3248
8074
7703
2677
8699
6728
9255
1239
386
3124
9958
4292
8535
5771
1801
5080
5905
34
1850
6901
8781
6119
8575
4037
6634
8128
7339
9359
3665
3744
6111
9136
5389
2403
7089
9794
7026
4360
4902
1537
1155
1005
8697
2037
8216
8593
6913
4747
9788
421
4752
2679
6919
8706
8383
7316
9016
521
6750
426
5212
1556
6841
2369
8221
771
2181
765
9561
6036
8476
1240
4579
286
6107
408
7386
3291
5597
7100
3270
3796
9333
2675
8098
8304
5553
5701
2870
3485
2754
7411
6112
6009
9848
9416
7063
2560
364
6827
6220
4038
9234
7227
8521
3476
3554
8175
4522
6792
4427
9686
5134
2739
5083
9861
2280
9393
9659
512
1062
2198
2354
9489
7758
6653
1187
1754
160
2362
3701
8249
6353
6693
3897
2593
2770
6135
9131
5092
7262
2517
2049
7476
7326
6229
6818
8687
6735
487
9009
5292
1157
3289
9040
7439
5816
9678
2948
2902
2669
7929
7737
7225
1567
9470
738
9482
4716
5902
4046
5130
171
232
4736
1856
4959
8280
925
9472
2716
9843
8690
9959
9749
2476
3713
9979
192
9621
9623
1468
8737
7819
9295
438
5855
2925
9851
9508
721
1422
2970
1108
4779
3568
9879
9405
2346
6300
4856
8151
7021
8602
1614
9687
6808
8838
6235
7766
5480
1254
2828
4312
8635
3646
645
1796
1984
1130
2123
751
7547
5475
5916
8610
8982
5451
5008
2196
2408
3833
935
1128
8442
2264
9666
759
4784
6943
5119
7522
3037
3914
614
5575
1022
2569
3003
980
3078
7654
8544
4701
6639
8461
605
153
9015
3579
7807
9978
9519
3465
5615
3558
3811
3908
3831
449
6588
456
5691
4240
9698
2141
7104
5784
7905
4968
4488
595
5181
6227
2179
7392
5187
8744
440
2685
6959
9565
2681
2672
2140
2776
9633
8348
7269
7731
9171
2250
9993
13
6991
9889
6645
2577
1044
4925
1463
3944
377
8313
4449
724
1404
6773
4599
7324
7894
3487
8904
1987
6545
4082
5398
9184
8733
3996
7373
239
9776
7152
4117
9682
281
9414
3536
3294
3261
3205
956
6965
7171
3012
9566
3292
5077
5521
3434
5600
7290
7674
9161
4664
8810
7295
9386
825
154
835
7532
4398
9017
5683
2081
8004
4930
1007
4178
922
2079
2557
735
1822
8863
7459
2595
8103
8302
8457
7451
7722
4524
4806
6895
5890
7621
5170
8259
4478
786
1227
2840
6190
6492
6383
6694
4029
9325
3181
3695
4864
8060
4451
4584
2795
3570
1032
5506
7438
3777
86
1190
2462
4453
2283
6635
8523
7475
6664
1166
2802
3694
2190
7135
6538
8114
7513
4569
7762
2053
6711
5215
3321
7896
3141
7462
3607
8401
7003
7046
2718
5881
1799
1326
6554
7963
8611
5511
9786
7931
3277
5424
5191
576
8963
8289
9888
9613
6110
1904
3991
8633
3017
7571
1195
3686
242
4778
8394
3637
2453
6465
9471
1338
4465
9106
679
5536
8944
5937
1433
6759
6019
1777
4006
8084
8064
7889
9533
4738
1461
4060
167
7711
155
8673
6186
23
6921
1897
632
9880
3659
6354
5886
649
7251
91
8105
6495
6460
9032
4337
6683
5914
1929
4533
4091
5547
6571
901
1705
4895
4318
9350
4531
551
3305
6577
2775
1662
6078
5527
4828
348
2896
4990
5567
4014
8776
3370
9935
9060
8842
2000
6140
3513
5479
9547
2869
1129
6205
3675
6782
1837
1935
8492
2189
6731
1632
6690
3636
8862
1664
9182
3721
7693
7453
7093
4733
489
8376
475
28
3696
5464
270
2044
3362
4416
4492
9252
6682
7602
361
9764
8062
353
9221
339
554
2957
9873
3234
8243
2761
2379
7751
4746
864
9092
4556
9287
3642
1759
3422
5024
6519
4742
544
531
977
548
8381
6306
2781
8044
2304
8812
2139
3418
760
7806
3115
181
3645
9702
8645
9307
8187
9912
4834
1601
4754
7784
2017
3259
1311
5116
5229
6835
2310
526
744
4472
3957
2678
244
9311
6530
2104
2394
4947
2984
8709
6795
6607
7676
1605
2575
2174
5161
5225
5933
638
600
460
3081
436
1648
1977
7885
4790
4031
7437
7913
6391
8029
1267
7494
2972
5594
640
2018
8881
6026
8725
5770
6192
4696
4314
4909
3397
8028
3258
2023
1124
7983
2235
975
7101
1703
8145
6672
354
5023
7331
9237
2177
2652
4456
8583
4629
3460
913
1340
3836
6650
9986
4441
6976
8759
4788
6855
2089
3187
5074
7523
4412
9603
389
7828
2725
8494
2259
2955
3492
6133
7112
8772
3753
6676
3085
3283
7734
9209
9458
8861
3438
5518
4287
7837
3864
9704
1348
2993
9263
4288
9391
8775
5837
4473
859
2024
6237
4244
9811
1656
9417
8533
4126
2906
6962
9941
5932
7529
5573
9722
4200
7516
2360
254
7537
7978
1449
1840
8469
972
3224
8569
8399
6732
9601
5025
4426
1466
9896
6573
6879
6900
8936
6017
1376
3604
3327
8470
2683
9520
5712
8
2395
9516
5544
1405
8550
7196
6364
2581
8875
5046
4023
9158
4107
8334
5963
5974
4899
299
8047
2692
2900
3630
3889
8679
4927
6638
5307
1415
6832
6490
6469
1487
6987
9475
8439
7357
31
6861
2442
2864
5323
4912
5264
5409
4376
1755
1998
1863
373
5982
1389
2309
8678
7990
8855
7266
3235
9179
1158
3767
4713
5960
565
2813
5813
9574
6915
2218
5091
7779
8210
6592
8661
1522
9882
2676
4677
6106
3530
8865
1912
9549
4286
5302
2452
4549
3414
6206
9225
6487
2172
9248
57
7183
3432
7408
4495
7478
7097
9376
4934
7334
1650
9724
6907
737
6397
5055
9587
3060
1875
2411
2638
2680
2515
3411
5794
3417
2490
9582
5915
7712
2298
7415
5100
9072
402
7032
6883
6225
1308
4025
5453
7640
7267
8144
5338
6734
4980
7330
4814
3633
3227
4338
7973
8396
6897
5719
374
4266
9951
6066
7959
9569
3566
1057
5392
718
7329
7735
2750
5489
6869
2275
8753
9187
5144
607
9341
5005
9290
4769
5989
9956
1165
2167
83
3055
3296
5744
9228
463
4402
8666
9877
8580
6515
5898
3480
2343
6631
5219
3781
9076
6763
2025
2883
3690
9337
2336
137
611
253
312
8674
5369
1808
6359
5430
6440
7052
1505
567
1248
794
6392
8726
3571
3347
4503
983
4613
8909
9089
5163
4233
4263
5190
7066
8837
2659
7471
7050
5696
6489
8056
1913
6321
810
410
3835
4278
6785
8104
4417
5320
9266
707
501
4507
3172
5272
7692
4590
7458
9396
9625
6189
3773
1626
1112
7197
6028
5666
2238
780
8267
1280
2710
6198
8410
722
1230
2924
44
164
5678
2526
8990
8841
115
3720
9004
581
9033
4171
3561
7753
4328
5359
6787
2640
2981
7346
2872
3738
1957
5906
5410
9113
3913
5595
8953
5319
6430
5045
7109
781
1606
5941
4139
6909
250
7915
4986
4342
568
7212
100
3942
9855
7406
9691
2829
4010
6747
1225
3791
3163
6758
8138
194
38
3302
4559
1150
3982
5773
3557
6280
9078
5900
3698
9619
4823
3775
1417
2348
9683
1087
2696
1464
7154
7596
3035
6004
8480
158
7194
4387
7550
1075
6018
9011
4615
1009
1974
9019
3731
7298
7871
6462
8848
5049
3129
2726
7877
2276
2959
3634
5962
3615
5947
3760
5516
4434
2269
704
5354
7595
5081
9948
1351
3961
2545
1064
3243
2973
8162
3658
7303
7551
3474
9380
6775
6727
442
2921
5289
2614
331
8662
8677
9936
3868
9038
693
5645
7168
4483
5052
2247
6850
2119
5873
6090
7062
4397
6776
8642
7617
3162
4220
220
6032
3652
4938
4542
6339
4975
9804
9478
5357
7110
6249
7797
5978
2366
3840
5099
9797
6923
6774
9604
1040
9441
8415
5135
3955
2947
528
9075
3253
7609
7520
7860
3091
656
5382
1377
1979
6944
2886
1723
7155
7820
174
4631
4874
6557
4442
9753
10
1345
8169
1484
1513
6294
7673
6886
8652
1878
5843
9346
6416
9351
3262
7878
179
9761
7531
779
1025
9705
5145
1090
896
3416
5054
2655
1736
305
1429
2974
9267
3849
3052
4627
7564
9443
7880
5258
7730
785
8897
5196
2559
5149
2230
5840
2435
8542
3286
4443
9156
2232
4056
723
9733
3674
8986
3236
7527
2472
1714
8206
4432
1197
5257
1002
1519
1507
799
1644
8262
9137
4173
7457
3191
5199
6221
6596
1193
4423
6030
8352
6322
2579
3098
5994
5909
6902
2809
2423
479
7671
1332
9931
9296
7011
2651
3340
5104
4169
7865
97
9840
3498
4497
2654
9201
8309
6382
2159
9742
3388
3662
1915
5462
5795
3787
7022
938
8698
4850
5334
9801
1491
7390
2312
7121
9575
7008
7888
6698
6095
3730
8932
433
1715
9599
1787
296
6379
2062
8341
3118
8856
516
2971
6505
3931
866
4036
6071
3929
8496
4887
2865
3095
646
4527
416
4357
8770
9008
5151
406
3212
7787
1179
5571
6471
1516
8488
7388
3167
8749
2087
5140
8606
1574
3893
496
5482
3903
3732
7872
15
2426
5609
7327
9814
4499
6552
6969
1149
111
3151
967
796
3494
6143
3062
8747
4136
5106
5366
4
6967
49
4910
3245
6984
403
6556
5505
7144
3479
1700
5991
8876
8177
3946
2527
4858
8384
4393
9213
4471
8312
1775
7755
228
7301
5585
1959
9356
6715
2667
1395
2200
368
2943
9584
7928
4146
3776
5924
3861
4951
2168
1938
3848
5423
2389
3712
4566
3867
4024
7981
6114
8453
226
5565
2950
3705
6399
9447
4950
5581
3507
283
7767
7404
413
7398
1262
6328
6259
5830
7370
8068
4188
4501
21
7839
5309
3173
961
9649
3190
7139
1492
1825
2006
3749
1631
1655
8150
8297
4877
4638
6084
5782
6688
6885
9504
119
1768
4904
2355
4581
9857
476
5530
1962
7287
1941
3825
8215
2221
4114
2368
7665
7049
8404
5386
9452
569
2093
3126
71
1116
7434
5108
8118
3430
9825
678
4520
1906
1881
8654
5118
8100
4450
7745
6232
703
7145
1702
5999
7558
2245
4509
6702
8091
9661
8328
9320
2881
3134
3229
5513
1126
7037
620
2853
6602
936
1804
9077
518
4176
48
5519
5971
4502
2620
9790
6293
7600
6982
1620
5058
5635
9096
9795
2130
8364
8360
712
7588
4272
2278
4118
7064
7572
3819
1514
1701
4229
986
6757
1144
1276
3395
1282
6748
7619
314
6881
8213
9084
8126
6536
9461
3872
8055
3268
916
1921
2561
2530
5811
5504
1380
9438
5556
9128
7788
1621
5267
1206
8993
1266
3515
9378
7782
3684
271
5109
8640
1756
8720
3400
8178
2288
7306
2549
2171
6930
8125
8763
9071
5808
8793
3916
2760
2857
2564
7816
752
6168
3046
6040
8073
3203
5300
5827
1068
8032
5278
3631
8834
1538
8268
3995
4124
6671
5318
1443
2361
1842
9456
2356
5620
6884
3352
1697
7160
3506
1902
9105
1970
4669
4161
1504
9706
3365
8258
4293
5353
1153
9206
6038
4679
3127
8115
1872
524
7321
8883
8303
9583
1498
3553
446
6770
8339
6544
2212
8272
255
4585
604
5469
1578
6420
2151
7508
4067
5583
1867
5672
9193
9588
1778
9185
482
6617
4093
5496
2521
5111
2852
836
1630
1711
2236
5856
6152
4543
7773
5894
8911
9559
8938
7804
561
4298
7230
3039
2134
3019
5407
4320
9112
1973
3850
784
6783
360
8858
9950
5848
7631
5474
4304
2155
4134
8717
5913
1572
959
7265
5812
6303
1041
4230
816
1086
5685
5208
2222
9703
9758
4035
3211
5901
4347
3200
5543
7045
2255
1766
4843
1577
9286
6002
3377
914
5910
8689
2314
9593
9094
8057
2572
8787
8263
1509
190
7214
7524
1629
3511
7954
1782
615
1042
929
4786
9283
5138
6200
6456
9712
7864
2060
3733
1666
2433
2997
8923
5814
2946
2544
6590
6829
2240
2163
637
617
7147
1982
1388
6669
1082
4908
7517
6730
3839
9884
6357
8929
9026
4055
8431
1462
1760
9236
9799
692
7733
3924
8417
9985
2963
1639
9960
2036
2467
648
3051
5631
6559
6695
3470
457
943
6390
1823
9100
8771
768
9780
2494
8955
9816
3246
9400
8099
4296
3545
663
5550
4603
5689
4422
8796
8107
7342
9513
2396
2690
6043
9429
9445
9530
2794
3427
3061
2823
549
9689
2063
2363
3457
5564
5846
9554
7586
4408
9721
1832
9868
8950
597
8330
6936
3057
3324
1994
6380
1394
6898
7069
7174
8590
727
7498
8049
9322
2838
4552
4918
9850
1222
2700
7302
9022
5832
2707
2034
3935
8600
5884
4373
1047
8181
536
2204
9413
6474
9291
791
7427
8475
2976
6336
2846
9870
73
5950
7143
1256
7591
9746
8563
5088
1780
6385
2047
9987
8880
4610
9617
4699
6406
5039
3206
2985
798
5069
3909
5563
6547
7964
8358
1431
9023
1961
3425
1874
3661
1096
4410
5
7736
8514
2153
6689
8149
6089
8225
9235
4518
8214
677
7812
9259
7107
588
8159
5224
7441
3068
6108
5490
2286
7496
7030
12
8270
9451
7280
5452
7844
8918
8672
1363
2201
9680
8660
7310
2598
6857
974
817
5845
7071
7831
6337
8345
4655
5614
6938
8141
5378
8411
2302
8367
7975
2871
1494
4105
3217
5248
9273
3883
1317
7923
9558
8766
8651
107
5742
878
5048
5508
3314
93
3082
5295
7851
3329
4987
1992
3941
4268
8532
1293
1181
2083
3351
8231
4017
6305
8930
7010
8203
9068
8228
6849
1613
2613
9953
2734
9766
5259
3148
5640
5406
3267
6562
2325
6274
702
4336
6677
4835
4550
1360
7868
1751
35
5833
2990
9293
710
2422
6729
7512
7202
7029
7924
1584
6796
5280
8756
1583
746
8618
2252
6103
3184
381
5093
9849
7002
7372
1419
429
3013
322
8878
350
873
8669
51
4104
6555
203
2839
2994
2546
1943
2493
6666
5622
1691
2187
7169
375
1547
1749
7884
1594
7017
7818
8233
2879
5668
624
7361
9335
5693
4003
9492
9108
4829
7363
6762
3782
1690
6371
7019
1356
419
7625
5411
3971
3816
5763
7966
6461
3718
9645
9563
2647
3586
7958
5675
6582
6064
5348
2270
3221
2537
5541
6447
5143
3653
8555
6877
7971
5346
5275
8888
3322
6601
705
9579
3452
3280
1586
7949
6332
644
2837
1865
5434
4211
7034
211
6452
6985
3256
8630
1694
7904
3128
6356
9699
4601
6409
6403
7053
2641
6670
1015
6012
4189
7545
53
2100
4720
2730
9120
5465
8833
6811
4406
1686
525
7627
78
1427
9677
4317
1568
4574
3799
2331
3233
3616
7164
7440
4961
5703
1861
6908
2550
369
4637
3209
9692
630
7383
3165
8634
8016
8265
5748
8487
6238
5975
9963
7533
2055
6863
7082
3009
9641
5014
1889
3752
2009
7646
5168
2513
3207
520
2294
1220
1034
8227
7557
940
2173
8736
1950
7396
8663
570
6080
9226
9631
2940
8545
3805
1763
3318
6169
5298
430
6569
3334
9316
8040
4192
4865
441
8173
5113
3871
1306
6239
399
4196
3764
6961
6449
4394
8256
1762
7956
6139
2556
5912
6720
3592
6738
5684
6637
3386
1579
9430
447
8390
9714
282
3922
9890
2599
4034
9810
6350
5365
2281
2470
2649
2584
2891
327
8537
4960
8351
5420
6500
367
7464
4165
7604
2444
5601
495
3478
7243
9423
6806
6804
7126
5115
6310
3297
2516
3140
3709
8327
5681
6833
9544
9777
5699
529
9644
8790
5880
6021
5448
7325
1104
3483
1072
1597
8700
6014
5404
643
3879
4007
9253
6345
775
7249
4562
3555
6246
9312
5944
4248
4194
5809
396
6649
7530
3178
9047
5908
9872
8921
8477
149
8238
5416
1866
2479
1077
847
4219
5401
7018
3119
7193
6541
8237
7278
6998
2246
3281
4044
9546
9199
1207
2732
1693
5659
7131
6142
5679
1139
8696
7699
55
4682
7134
5740
4346
2303
8266
9018
8518
5953
2922
761
4900
4792
5658
1243
7961
803
1000
8326
6568
5206
4493
9334
5447
4057
8839
2316
6418
3519
4209
898
762
2626
3534
1098
3660
8429
6211
1401
3018
8058
4577
3335
2807
4247
4042
748
5671
1353
4080
8051
1949
8085
5882
9919
9063
1495
6285
5657
8261
9340
2873
8828
5122
9901
6889
8627
2588
394
313
6479
1178
2793
1554
3859
3863
2706
8817
8123
981
1236
9874
3446
2927
8638
1154
2766
2596
6404
6270
4639
856
7277
2076
4903
1619
9372
9402
5750
9167
8148
7335
4526
3516
260
9921
468
1545
7575
3693
324
5593
8277
5954
8974
9726
527
9358
6760
9670
1887
8746
4420
1185
5022
8232
1683
7502
2401
2095
2078
7445
5766
8212
6836
9111
4380
9375
731
3920
924
5460
7200
2772
5236
8371
2522
2821
9826
8803
4591
4258
7385
70
3527
8707
6718
8949
4515
7920
6429
2237
9466
4838
1137
8683
3614
6803
4097
7611
4261
7333
5373
5957
1320
5388
7340
3532
6320
7446
4469
8438
1750
3222
8201
24
7510
1511
7948
9876
378
3998
5973
9898
132
2965
2007
6595
1523
7791
9995
1378
1281
2344
4072
8945
9658
340
6301
985
6497
9390
2254
6633
6723
7204
8207
939
1136
7940
1277
999
8455
8273
8196
9734
3114
2621
3188
3022
1339
3952
8615
2604
9949
6619
9934
3993
2488
7394
8758
106
4916
1534
9119
9973
7644
4159
8901
4982
5057
1967
273
5155
2623
2808
7901
6215
7808
6817
6940
5721
7080
7667
2299
5580
1074
6636
6876
9902
4564
1182
6614
651
3650
1835
5390
7157
3083
2918
767
1391
8157
9020
1953
2755
3605
6684
1947
1037
8337
6914
6587
1828
3603
7805
9669
2398
5458
2567
1439
2859
63
3489
560
8402
9275
1063
8081
2686
6283
8033
5096
970
1707
8898
1854
8691
4026
942
5379
4256
54
1816
277
5131
8333
6179
6174
8279
7984
5599
8806
2636
8046
66
5923
7854
5339
8423
7996
9269
3213
7309
1001
592
745
8389
1625
7678
8937
9966
7944
2934
1290
1297
1968
711
147
641
7695
1636
3155
8264
467
9548
8631
6060
2157
3244
1156
2322
9815
4110
4339
867
4487
6740
1924
5374
5654
3873
741
5273
9881
7719
1834
1092
297
1687
2553
4780
4666
4371
2945
1954
148
8024
7593
6493
4144
9892
1846
1073
1159
6843
2019
3368
6816
3878
1541
7752
3441
6248
4689
7696
2274
6101
6604
3951
4854
5854
397
2748
728
2878
3444
701
7116
2040
6396
3336
3668
7794
1354
7399
8587
8704
8230
8305
5501
7044
3715
437
9143
3576
580
3869
6820
4710
557
8005
7549
1882
1392
2819
7299
1560
928
7410
4649
1729
9371
3984
8224
9408
5249
7647
1263
9257
2441
2702
8873
1054
9030
1986
892
4388
9716
9424
5788
834
9232
2979
7867
541
1844
5243
2941
806
1794
6797
5652
2618
6947
3538
6067
7425
3716
782
8727
8999
5056
2429
1833
274
1993
8798
8447
2519
8132
2208
3514
2459
2373
9887
7559
6472
2893
5558
1250
6745
1499
8129
1604
3919
7007
1212
2267
3313
5089
5217
6990
7841
8109
9667
1798
1079
284
1502
8426
6810
4861
739
1717
5677
2633
1031
5066
4949
2475
3726
5938
6389
8006
4069
5207
7140
128
962
1143
7829
6709
9124
3594
1809
3828
8813
2841
7313
927
3183
8209
852
4458
5870
61
838
7552
3790
7371
7345
5852
3898
3807
2720
9493
7970
6325
2930
4290
8916
814
9913
4409
4812
2836
3436
8954
9397
3962
566
9694
9250
1347
206
2216
4729
4657
7989
8525
3843
5079
7607
6327
4538
4592
5980
2500
2722
2978
7972
7708
8712
8768
4158
6352
5051
9404
4249
8568
6526
3455
2307
1564
2293
8164
1628
5220
8732
2919
3238
4186
6903
6579
625
2724
2066
9571
8501
4906
9917
2480
4039
6224
1059
225
72
320
9319
846
3408
3838
5523
8723
4446
4218
1927
5355
5120
7856
1635
5531
2736
8529
9449
3080
4074
533
4839
346
3006
2392
3254
7907
8942
6483
3192
7474
9940
8106
3300
6535
5836
5850
828
2482
7477
62
454
5775
5471
1748
7296
7536
4563
7909
9708
7284
7950
2733
9006
4273
7713
860
3402
8553
1160
9453
5287
8409
9218
5063
5017
2138
6475
6470
9543
5737
4611
7902
6214
5238
3649
8556
4164
989
6543
6712
6981
1795
7416
7272
2148
1105
247
9403
2038
8171
9428
622
2457
1328
2589
9923
3666
1447
837
1731
14
7122
2367
5817
4797
2026
8824
8255
5887
46
6367
6656
8034
187
7456
9765
9784
6105
1918
3251
6935
9406
3945
418
6830
684
9662
5009
3303
7024
6799
7347
7449
2110
2465
2128
6618
8997
4891
4514
7285
6928
982
4496
8825
2257
9535
9495
6065
9717
1408
4862
9690
720
4616
5432
4833
2381
3317
4319
7207
1891
6716
5141
3218
963
8236
8295
9531
3138
481
542
7642
2996
5586
3089
6780
9990
9155
79
4642
8379
7419
120
8692
3488
7087
9292
1330
4482
6109
2468
6518
6451
5182
2759
1886
3171
8374
358
4077
9281
4841
8172
5173
2424
4348
1373
9095
3979
7546
795
3958
8478
2162
7772
9001
5283
6044
5798
3346
1785
4486
8734
1346
5016
8657
9926
6844
8022
5041
2735
6717
9205
8491
7869
1058
8433
8432
8155
3097
5787
2988
9860
7078
8851
3341
4687
9498
2811
1204
8681
6378
8509
1167
6298
6228
9349
5726
5291
5193
4326
5288
4100
3323
5121
8653
9536
95
5029
9027
2031
4396
5751
4768
2643
6866
2555
2542
7015
2907
4430
4086
4199
7058
5653
7443
2102
3949
6347
2334
7393
9610
1307
6161
6496
8023
7233
7377
9233
4663
4177
2646
7105
8495
1316
726
8079
4481
8195
7250
344
8868
7843
7318
4213
4781
4529
3710
8101
7013
8743
7452
7622
5050
502
4141
7668
8857
7506
6708
134
6948
4805
3063
3404
3818
8189
6242
371
5893
7235
4470
6282
9769
9594
2642
9460
4756
6296
5548
3266
9031
4604
7054
4250
2069
1790
2705
1803
9774
1299
3681
8546
298
9321
6922
8956
5396
42
4475
7608
1125
7067
267
9964
9723
8076
8353
6899
5868
7466
4688
6330
7965
2751
8464
6264
81
8194
7489
2335
1198
6578
9528
2156
1399
4356
5867
2657
9653
3378
1457
4485
3002
5582
6705
5815
9326
8318
8346
8948
670
4435
1937
7360
6668
1665
5172
8133
912
4381
5322
3409
5310
5772
2122
1396
6704
9830
6092
2144
8507
238
1730
3135
37
4941
8646
2992
3504
5801
398
5946
1301
67
2129
2969
151
6130
4683
5308
9242
2812
5917
8967
469
1548
2764
4853
2217
4127
1217
1028
5042
8625
2
4152
2860
7433
315
4132
7423
8419
7161
2944
7368
4299
8030
7657
1383
1893
189
8598
9002
5150
6880
1372
5984
7205
4015
8981
7401
6464
8512
2887
3469
5757
8315
9996
7176
6412
9101
96
5312
92
1428
1525
1313
5904
6265
125
672
2704
8368
9660
8935
9937
4662
7798
4618
4675
3542
3970
665
4709
1228
5185
9051
9643
3743
5438
674
2789
6223
3598
5847
2169
2194
6375
4436
196
5237
911
540
564
9021
5442
2183
7982
506
4277
5347
1905
3729
5690
8714
3252
1990
1046
920
3902
1566
4633
3997
8397
5038
7314
2070
6381
471
7000
3049
8131
3644
6865
2525
1341
7980
4936
2792
8179
6822
8594
6831
9828
4614
4670
8349
9043
9064
3512
4678
9415
5624
5492
3363
1575
6121
4745
172
103
7482
1343
4813
5877
5560
9605
8052
4717
4553
8286
2529
2954
2014
2495
3054
59
8434
8846
8581
895
749
7823
1774
5086
9315
3870
1500
7881
850
9827
5255
4369
5064
4772
3829
2958
3717
2073
6641
1120
9301
7348
9899
5328
401
7598
9271
2228
6970
5268
1855
6989
7826
2728
7912
223
4860
6147
3043
9924
8809
4612
8387
855
7148
5911
8584
4923
7180
2375
5137
159
4621
8908
5221
9398
1975
5222
8574
6598
7400
8505
7661
2779
8462
4157
7488
1012
3703
7369
4116
6438
2050
4691
1747
6072
3133
2469
4819
2105
7409
5707
8154
2953
4646
2186
6498
7947
214
8013
3282
1649
5722
1359
4361
4316
6661
3490
9439
6814
9971
1724
7365
8405
7911
3822
8685
8959
2165
1430
6176
7679
3846
5403
2804
7994
3374
6654
5739
9272
3885
8608
5102
4271
1789
987
7612
1091
6074
6655
1118
6146
7281
240
7815
9845
2801
2568
4462
3928
4974
6159
462
2061
5233
6448
9142
8463
1956
3761
2835
822
82
6910
9192
4879
362
6070
5800
321
3923
2538
4333
6257
2844
7469
3316
3808
8319
5304
3103
5443
8628
7573
9169
5157
16
8088
7179
5426
6971
9294
6039
6442
3874
7283
4210
4665
6331
717
464
1873
6771
4221
9955
8816
6304
4242
5301
6608
1679
1331
6657
3860
7106
3609
8994
4759
7698
7723
3960
5603
6986
8246
3669
8799
6319
669
4673
323
1336
65
9355
2778
4840
577
135
5918
472
256
5526
7769
3166
1615
2371
3403
1134
3168
4479
5500
6872
3319
5315
9360
2277
2653
5746
8815
5136
4970
8293
8167
2090
365
9399
1535
4932
3132
4447
3001
3711
4774
505
6864
6209
9676
7968
1536
4558
2511
1305
990
3689
4197
2332
9135
380
7768
2962
8508
8019
3383
7035
4776
8808
9930
7088
9634
8392
2471
5372
6798
6951
965
2377
6243
7068
5539
4905
4528
4630
9775
7528
6477
8946
3143
4516
3697
2510
9477
431
8254
7414
3369
1593
4548
6102
5156
7749
3024
9638
1387
2874
7113
3523
3626
3947
1069
2067
1531
366
3481
9125
470
9251
8168
4915
1364
8072
7514
428
217
547
1233
6527
6846
3462
7689
6993
5027
7418
5648
5468
1174
6075
8973
2339
6977
858
9885
4389
7993
3393
4297
4122
7859
5743
900
8659
8284
9367
4359
9244
9454
5717
1607
8774
3736
9711
7137
1827
1053
4149
5866
9813
5670
1659
3546
7095
5284
3189
6104
2002
4937
4966
7455
1209
6129
7255
802
1023
7850
7855
8161
2229
9055
6681
2345
1643
5336
5749
9426
6394
6733
9847
5725
6049
1576
1634
8356
3905
1026
4878
8323
2223
2578
3968
1437
6725
4143
6273
2566
4897
4771
6419
195
304
1021
7027
8242
8794
8124
3176
7638
2118
3040
511
2003
6746
3844
9729
9713
2418
7519
7375
4686
9446
5124
4275
19
391
6533
1503
9129
3529
1517
3664
6468
3613
8437
9164
8283
9126
8785
5625
3106
9580
1164
8436
8554
9217
6124
7238
4203
9240
4405
3965
7381
931
941
1725
7308
1421
9345
5537
2115
7146
9028
2895
3331
1901
3589
2867
5792
4988
905
8647
2184
5779
4353
1292
1948
4259
9534
586
960
559
5673
6016
5271
184
1646
2337
8656
8406
7426
1888
8008
4513
4668
8143
7830
300
4808
9433
2120
5087
8077
3596
8920
7862
4894
906
3325
7454
5010
1657
3100
6056
6262
4635
2124
9160
5358
813
6945
8603
2861
3618
1598
7172
3384
3045
1549
3517
4750
3525
2491
4156
7094
6652
3109
3350
8939
8585
6433
1486
3311
6435
231
3617
7294
9174
163
4183
2347
8388
6790
9202
2777
6858
8906
123
9029
4660
7273
7957
2352
5107
7515
6983
579
3348
754
3824
522
6480
3396
6963
6377
824
9947
5189
9389
1542
2244
8849
3769
5591
4172
7800
9211
6800
6934
8325
1896
9771
4876
2747
2326
1188
9243
5919
8811
694
5985
2380
2499
5335
1704
8038
7499
777
3146
7633
4892
6162
9146
4179
8802
2625
773
5524
6148
9354
5228
5520
3925
4302
4214
1879
9977
8393
6197
39
696
4755
7566
7849
8018
113
2213
7366
2573
851
7153
8520
4000
8943
8623
9278
4869
3628
2594
6916
423
9010
9992
2785
9000
805
278
4489
5634
988
6764
1485
1333
9282
6052
8551
2364
4803
9204
8541
1349
5375
9572
2248
3747
8769
4827
319
7248
550
3461
6514
1114
5629
7036
3745
4554
1753
1885
6549
5818
2691
3826
5290
742
9407
5186
4881
969
5688
7707
979
2818
432
3803
2225
8750
691
8912
8451
5277
7004
9555
3865
3606
1450
2923
7210
9
8823
2810
6466
43
1884
6926
7486
1862
5883
4352
1677
9411
8361
6576
2131
1403
1008
6859
9241
3779
8964
5311
2892
2287
6955
1661
9738
6754
493
664
4198
2207
6911
4855
8515
6974
2042
3059
4586
2767
3023
7879
1488
2501
1563
5857
3722
5325
6679
3315
6443
6546
6663
6118
9382
8791
8597
7263
2611
3382
639
290
5098
4954
8042
7162
4279
8850
2740
6525
1310
555
3770
3719
6051
5391
7655
3056
6714
7247
261
3882
7228
6847
146
6405
3837
2565
1480
2909
8626
3964
5216
3768
32
3987
3429
7681
868
8859
5561
4251
3399
5804
8502
9656
372
7910
7778
2064
4842
6123
8762
1473
5723
7123
94
699
6132
8308
6062
3663
3137
5425
2404
9792
5090
6954
9188
7563
6563
9196
792
883
9911
5650
1452
4096
2533
8702
2885
6278
6201
4355
1501
3122
5180
9628
832
6765
3812
7783
9065
953
8344
899
3208
1936
4151
3453
9867
9646
5694
9968
2528
6003
9701
9229
3910
6131
3656
3299
1095
5254
6503
200
5133
443
6005
6628
2619
1524
4413
997
2622
1402
3756
5455
6450
8343
4224
8473
8365
2634
635
6368
7811
3508
9720
7729
2673
6158
3359
2466
4989
9198
9595
3896
8620
4327
3177
4095
9431
6251
5927
6421
2039
6374
5270
9668
3629
9227
933
1895
2822
7070
8977
9083
60
6076
7241
917
7892
6510
4680
4837
101
5776
7391
7691
1325
90
1532
9444
783
1570
6868
7682
7288
3501
1471
8895
1585
2820
2848
1117
1966
3448
2800
1101
9479
3239
9532
8075
1202
4257
4400
4484
7354
1771
4094
8915
3279
8786
6933
763
7764
5786
2850
222
4068
6181
3065
2503
5230
2447
2773
2656
8119
461
9767
6837
9752
7985
459
9944
8958
7750
5574
3809
3877
9983
5105
6766
4830
3309
1858
4252
6826
2541
1078
1476
7258
7938
3287
6355
4510
9464
8516
6361
6713
2712
5956
4145
6611
1237
5507
5729
7790
839
7561
2284
3139
2108
7312
4650
2746
3153
4500
9685
4787
3619
387
1148
6289
5888
903
2160
8454
1050
5851
1273
8136
3216
4202
5822
2505
6791
5246
1285
9650
8121
6824
3926
5494
5218
800
7270
6768
7606
2854
5732
3071
9409
2648
7701
9427
7431
4965
4836
198
7987
8108
8026
1860
7257
2608
5981
3454
7553
1145
2543
964
2088
5789
9980
5421
1710
1940
8866
1251
9612
6890
553
948
1088
4866
2742
829
329
4358
9467
6521
4743
8222
9838
8257
9812
9747
6929
3948
1744
3806
697
7286
8130
6031
9163
4721
8905
4282
4882
243
7191
1423
1371
1456
6692
2496
1654
4831
881
415
5554
6597
7897
4083
6196
2265
3528
8484
4997
1483
6697
3611
6606
8648
8220
1883
8715
1196
7460
6334
3988
7724
7543
1270
6589
7700
480
5623
2192
3531
3854
6269
7420
5466
778
1189
2738
9600
9616
4051
8307
3041
1315
202
2341
8015
7490
9012
2098
3076
8807
1773
2484
6917
9654
4913
9637
3044
9540
8675
2571
6777
1184
2333
3070
18
453
842
4155
8605
4512
2243
4101
9524
9215
7043
7432
9511
6423
5279
6160
3053
5213
1745
6812
2292
1826
7491
3635
6564
9927
7630
1985
5364
6001
385
4800
3786
6620
9299
7584
9914
683
6801
6386
4452
7178
199
4012
7479
3783
6862
3986
5015
2998
9318
7473
9370
9577
5605
5250
8449
4399
6871
5733
3458
4824
2195
2071
2358
1706
1138
8622
3550
9525
9381
9553
2215
6141
9175
1194
9620
5194
1786
2152
3981
3638
2554
5053
9648
4480
5636
6825
6395
5435
3974
2041
1981
1894
8070
3380
4180
9975
1964
3223
6446
4367
9981
3026
5075
2315
7917
1010
591
1520
6369
175
1958
6097
5990
6779
8572
68
556
5517
2674
7305
7594
8444
1218
1733
4775
2932
9374
6648
4175
3307
2926
2057
4782
6484
4021
4264
7756
9970
572
6958
4142
2607
7138
7763
8890
9796
6673
5153
6183
5306
9974
9891
2224
5566
6154
9858
8894
8443
7525
7051
1539
395
5587
1880
2658
1645
152
6459
599
5885
877
8416
4623
653
9782
8301
110
8788
2999
5477
6854
2382
734
8112
230
4886
5340
6194
1081
801
9509
5849
439
7509
4078
4911
1757
7562
5987
7687
411
8917
1746
7658
657
9180
3169
4870
1521
4964
5765
5363
150
5166
8332
8198
7206
7796
5007
4739
3412
5013
6952
4099
3160
1168
9284
7921
8741
7436
3688
636
8355
29
3821
8765
400
1131
4978
2512
8636
3029
5368
2125
7946
6288
2975
5035
5512
2378
2749
1811
9943
7136
2065
6098
2227
5178
1033
7669
4088
2142
955
2855
4245
8048
4461
9834
6972
4374
6600
1653
2903
7565
1920
1508
1652
6491
3274
6207
5896
2483
3502
6000
7343
3757
9835
1551
7840
776
5976
5705
688
6511
2154
7960
667
4672
5542
5467
7246
6050
1928
1454
2260
6522
2349
8934
3802
1680
4794
8821
3491
6627
9823
3257
2741
4777
8285
4593
2752
308
5333
3423
7463
3815
3020
2743
2699
3353
89
8290
5831
3442
6966
695
4821
558
5920
3954
1658
952
9655
923
7740
3655
1489
5819
888
9419
4944
237
7481
3857
6267
4726
7914
5617
5899
4817
7229
5949
5330
5177
3343
5329
444
4043
4351
4049
5256
7793
849
7991
4255
7215
3938
2409
8182
2430
7626
1400
4307
9909
357
2563
6873
4763
2782
1925
484
7130
1926
8382
5072
9800
1448
8014
6828
2894
3389
4820
3647
1151
3111
9989
8519
2438
5065
3842
2650
6175
7680
8680
2695
6415
3794
266
2880
6444
5211
8843
302
2616
2670
5349
4050
2372
1357
7922
1852
2313
8576
7424
4626
4020
2774
3272
8027
2899
4641
3593
9695
1965
9671
5935
7650
2758
1618
8045
6127
5604
6372
2145
4227
6805
5251
5618
8166
1839
7697
4901
2787
382
2977
1719
552
3917
757
594
8567
3161
3466
7344
5755
1436
676
2737
3005
4237
2342
5440
5545
4269
8528
7743
3778
9207
8146
9014
3225
8275
295
1235
5570
7442
3789
6932
2324
2986
5162
5879
951
5011
9905
4578
2600
207
7623
3895
6308
1314
1496
1939
1060
1175
6920
8288
227
1857
349
3798
2059
9502
1303
235
1132
8369
8565
5633
671
8244
6949
7866
1224
6037
4321
5437
1720
9054
6400
9373
6523
827
1899
6122
9223
9897
9210
9363
5036
6126
2858
5838
4596
4898
166
8448
590
7979
5241
6077
9418
1055
1312
8420
8729
598
1903
4922
1919
9922
3308
2508
9342
4437
9806
9140
1558
3832
4445
9138
7182
9392
5777
5400
616
7380
1409
884
1027
7289
6756
1284
4999
9487
4216
2477
5810
5951
3936
4411
7086
7108
9437
5371
5807
6478
4928
6625
7493
7319
3149
1640
5929
6946
8067
2814
1210
4654
7133
3727
1163
5598
1721
4962
7555
393
1453
7986
3521
6025
5588
6247
8671
6520
642
4504
6707
995
2205
7274
732
1413
9696
6696
4089
9586
8059
8641
9268
9324
5613
3677
4719
1113
245
8543
7098
6048
9357
3077
5062
5529
4131
4137
5164
5351
2351
2876
5123
7495
2780
1688
818
213
3
2723
3899
8095
4737
3588
6045
804
6550
173
5596
8530
7103
8186
3581
1713
4108
7874
2796
8818
6434
9756
6823
1623
660
908
4567
6640
8223
3036
7939
8241
1434
4325
6250
5647
2289
608
1526
424
6240
1470
4597
1344
4022
7649
5205
7999
3199
8728
9831
3748
675
5324
4765
8140
5592
890
4166
2384
8711
862
3700
787
7579
2323
1140
6486
345
3610
3157
2597
1029
9298
2137
9162
1712
3426
2601
3784
7977
343
3117
4708
7900
4888
6188
9984
6432
5942
1544
9139
6675
2721
9220
7666
8511
7151
1946
7311
5018
4825
2210
2436
249
9050
6277
5473
9450
2473
3371
7858
8980
9005
918
6256
4174
8183
3685
3033
45
9053
8096
7220
7261
7158
9652
8578
6260
9741
507
1455
4647
287
2769
8705
7492
5176
5402
7209
596
1412
5533
7786
272
9062
1638
5834
993
3201
4571
4946
5397
7128
8217
1692
7156
1546
1815
1147
4301
6010
9422
9503
5646
2576
1286
2400
7061
2374
1416
879
2866
4785
7090
5841
3241
5611
5001
7941
8489
8110
8751
6473
5418
2301
3338
2113
4890
1142
2117
9189
1684
1739
6968
6591
5983
9330
8795
1451
8992
3549
1381
2917
9551
9231
5037
8885
8117
1718
9153
5021
8350
4818
2454
6979
7706
1397
9900
8522
1590
8202
5344
1109
2176
770
3094
7988
9377
6346
1641
3830
6212
4991
5572
3814
9785
9614
224
6245
790
2701
306
5139
4429
8592
4291
4884
7096
2615
612
7315
811
4226
7780
6411
5226
3746
8229
978
5002
4681
9997
9967
7322
9045
108
8570
9276
894
8250
2687
4474
4058
1384
820
5692
6509
1296
2960
1555
3687
5955
6164
9395
954
7041
6365
4684
4059
8931
2791
6517
845
8538
318
2407
8269
7715
6291
589
117
1216
8643
3679
6172
4285
7801
3366
2798
4885
7639
729
6407
9476
7583
85
6891
2080
1708
2397
56
3795
662
2185
5082
5394
2606
2753
6094
8080
1667
6476
8362
7955
5419
1350
623
9314
2590
8377
5350
8925
6138
9768
2297
5486
3800
4404
7374
1066
142
9280
4148
1951
9589
6905
3493
7899
2052
4084
730
8082
584
5642
4848
7821
2504
5395
7217
1097
7861
7185
118
3904
8208
5481
1213
1900
3841
6665
6244
2847
8486
1352
2013
6410
9007
330
5417
1727
3520
102
4656
7378
6937
1264
5907
8240
4956
4685
5459
6216
4976
1288
7379
1595
1177
8400
2951
7125
9727
33
6807
6398
3440
1257
857
9651
3276
9728
9421
5034
7744
6838
1732
7597
2799
8513
8441
1934
9852
1146
3734
7634
1802
2915
3355
7056
7060
5497
1242
2428
4459
4740
7239
812
2989
7641
3228
9539
2112
2461
807
2241
5532
9115
2010
417
5669
3028
885
9933
627
1065
1119
1836
9069
1367
7589
861
9303
2877
1870
8978
9042
7836
210
341
8748
8298
8764
41
7353
3762
1011
8884
3876
9611
1581
131
1099
1444
4735
2199
7969
4438
5643
3312
6927
947
458
4464
8041
6761
5839
7817
2719
9364
8053
9606
4958
3937
2028
5546
3463
9822
7485
8499
9024
6426
6566
5493
3099
7421
3069
7935
9542
8840
8467
5436
2487
6233
2916
9304
4979
4859
9412
2709
6643
356
4547
4992
4133
4525
5240
853
7504
2662
9308
6402
5928
2111
2056
7870
88
3027
3105
1080
4368
4648
2911
1819
5711
1908
7688
5931
3672
8739
1246
1910
8703
7721
8829
4254
6699
3621
8933
7447
9991
9636
8831
5154
3556
7636
6116
9609
2082
833
9505
1944
4753
338
8716
5940
909
1170
4802
5184
2898
4600
750
5247
1479
9607
3087
8852
2158
3310
996
9442
3450
8011
2410
8294
168
2175
4844
4917
7560
7201
8548
1569
4505
4704
1709
9468
686
1410
6425
1019
7223
3451
6314
8970
1988
8428
2226
9212
968
8500
2147
6057
8780
5232
1253
8684
1432
5044
1573
6427
3066
4032
1996
3983
216
3540
6626
4791
3147
9087
8658
823
6941
1561
6213
5958
1565
4092
3150
1976
7802
7718
7677
5842
87
5549
452
9285
652
7450
3817
753
7501
7114
6551
109
8649
9839
4027
8719
9074
7672
1611
7350
3428
1682
58
1876
1375
5660
4995
3691
9261
9545
3763
9289
3518
8440
7077
7042
4433
6195
9327
3977
603
3249
4698
562
1805
733
8940
4330
6414
4005
4732
2968
755
8458
7526
6609
3219
6351
8373
5745
5129
3887
2251
8180
958
5476
9622
3354
9998
7500
1234
1004
9743
1868
9576
4128
6115
2693
1327
9274
7906
5562
4382
6558
9952
3198
8632
4343
2498
4154
8710
8910
6187
537
2086
9500
9459
8871
5753
7177
1084
3933
9630
1608
6892
6058
7124
5031
5165
3101
4761
9657
545
7226
5337
7317
5939
1214
5183
1322
6324
9114
9151
6680
6632
8650
6960
1052
1440
3482
1800
422
503
2054
9150
9420
2258
3050
8577
9173
2942
621
7603
9865
9541
8504
1245
6570
8253
4181
3639
2132
8701
1843
7873
510
9925
7048
1123
8025
9435
3894
8941
3683
488
3032
4215
2805
1978
4998
6023
4889
1271
5945
7845
6610
1552
3851
4557
992
264
4595
2935
498
2644
7236
4969
1562
3856
5112
8170
8902
8306
1191
6439
2321
8619
6925
4002
3214
9469
5662
2046
7624
4801
606
3992
9059
8835
3999
601
4113
8664
7995
2949
233
9486
5491
6113
1814
7232
7535
5968
668
9895
2665
8354
9057
5715
478
6185
6424
1061
2350
1161
7307
3990
870
7927
208
5754
610
6275
8531
6316
6171
774
6167
957
1127
7141
4948
3739
1278
2582
6548
105
3275
1955
7725
2983
1102
9410
9647
634
6532
4468
3911
7795
7810
1048
8445
384
8832
9085
5628
2075
1269
2833
6870
9793
3387
2783
7934
2011
497
7822
8644
530
2464
8745
1813
2920
4741
4103
317
2982
5456
6287
7925
5276
8299
2912
5576
3407
2027
294
7198
9573
5260
412
9081
17
9578
7405
4349
1932
2937
9144
8274
5710
4138
1831
7582
6784
4977
6781
3907
6957
2817
9598
3599
7618
6272
5169
8822
5239
9700
1478
4386
9864
7252
8607
3884
3372
4783
1506
4551
4267
5835
5127
8135
2786
1386
3595
8761
9773
8009
6894
1907
5630
3622
2928
3980
8120
2481
3381
5557
4040
8527
8197
8204
8510
3373
6165
8359
3702
6376
5188
1420
5781
9440
7389
6860
4731
8947
5510
1923
6358
2328
5579
2713
8395
1627
9343
5019
2166
5892
7367
4315
5060
1969
9148
6788
1460
1781
112
7903
1642
2439
2827
2365
725
6506
3130
7942
1845
2340
64
8375
5269
8547
1467
4809
4971
1764
409
1259
4636
7091
1100
6629
1093
1859
8872
1169
3901
3930
2628
7587
4645
6149
1274
3587
494
1553
3467
9379
6642
4872
2486
8418
9091
5874
9037
4223
3989
5853
6821
4815
8637
8292
6580
9529
628
5073
7918
9893
4182
2353
4403
7271
4289
2824
9635
8474
4676
3269
9664
3320
5568
4323
5969
2731
3242
9760
2671
6079
3112
7852
5769
7245
2432
2888
7656
8557
9058
9434
5865
844
7720
7297
3858
6851
4707
5589
9491
1518
2744
3678
5686
8782
7898
4757
3886
3007
2231
4744
2856
5720
8413
2109
3357
1014
8887
8814
1797
3330
2431
7635
1830
4363
4448
2455
7544
5649
756
347
587
8090
490
5384
4622
1018
7031
5285
6362
7728
8668
4849
4711
7387
6599
2306
5525
9929
6819
3447
7085
2815
4607
342
3121
4935
3627
7664
3900
6853
7256
9044
8900
1279
1141
2030
2936
9331
5872
8050
4921
976
4008
2273
3015
3120
5095
7127
5380
6151
6513
1696
9168
8573
8378
2463
915
9013
5700
8191
7541
130
3142
7448
5995
4540
4804
893
582
4762
5245
4463
4454
9854
3750
4724
6584
9249
7016
2570
9679
1493
1051
5198
1205
7777
4187
307
6047
6700
1238
821
1475
8260
5174
3394
5235
388
5967
4231
3651
236
1740
9110
7548
8357
7203
3881
451
7276
6271
9049
2506
4235
5227
9313
9932
3577
5663
1482
6054
5012
6341
7376
5159
2849
9070
8924
2914
477
6953
1490
1335
5590
5457
3780
1035
9803
5393
5047
9562
2534
3641
9465
743
1689
4766
6660
4309
539
291
3788
3939
4926
2668
9602
6458
7349
5966
4868
9348
1674
1599
1298
7117
3676
8827
2851
2282
6302
6441
2004
4822
7028
1103
8020
129
9264
6662
9518
6767
5626
971
9740
4467
8071
1329
6
6401
9425
3725
8845
5996
9088
8398
4354
5515
8562
5862
3449
1668
4767
252
609
499
6839
9515
4305
7748
3010
407
1
7997
910
1930
7675
6719
2875
4511
1379
6157
3643
685
5148
1295
7047
709
3845
3724
6335
8789
2933
7581
4075
8688
6585
2121
486
3891
1738
6417
3580
2133
2387
1911
5385
2602
6166
8693
2514
8579
2043
3880
9186
3158
7320
6366
4280
3657
8205
4028
4863
5068
7397
950
8329
1550
5428
7073
9710
5767
3092
8403
9041
8176
1772
8408
4125
7895
9344
5197
6840
3075
3391
3537
8612
4313
8271
945
4308
3406
680
6856
1458
9247
5621
4260
3326
3034
2022
4523
7218
6311
8892
2684
687
9802
5791
7539
4384
6178
6534
69
3966
9366
5303
7709
4973
5538
8907
9309
575
3464
2084
8002
8560
3853
4536
7192
9514
7775
2489
5758
5878
1414
788
2956
251
9915
9035
2388
4587
3038
9568
8276
8142
8498
1272
9080
5253
8586
9258
5114
3367
3921
932
2106
7613
7304
4751
9109
4109
8617
5043
5858
4545
5607
1931
1769
7813
1221
4283
8975
5959
178
994
1192
1999
351
3185
3295
133
8184
7590
2164
8456
9757
7835
1734
9821
7891
1024
7962
5429
8614
6034
4714
1107
6173
4421
4702
1847
4238
6623
4608
309
2405
114
1366
5084
3456
4945
5925
1418
165
7065
201
1735
6809
209
8582
7254
7014
9099
2234
3526
2136
5964
3471
9082
6646
7429
9497
3500
9903
4883
8089
7926
8591
7568
2008
4619
715
6393
6501
7260
3475
7222
5231
1742
2617
8485
984
473
6685
9665
3737
9750
3765
9928
8561
9436
5709
5682
7714
4697
1671
4064
4789
6318
7039
218
4440
7132
3976
6992
3375
8061
6561
4718
6218
7074
1699
8767
708
9591
1922
9034
4993
764
8078
5606
3963
6255
3772
6603
2032
619
1226
9152
8995
7637
5449
538
819
4329
7323
8951
5704
9506
9462
4582
8927
2458
3232
136
7632
491
3551
6276
9846
3569
2386
8797
7505
1752
3102
5266
420
4225
523
4491
6457
1036
593
1083
8435
8321
9632
5844
6488
7240
8724
7660
2715
7765
6742
6975
1049
6236
8137
5326
826
2929
2091
907
5859
3583
1609
8524
5158
2449
3505
9707
8291
4658
7757
5828
5619
6020
3671
1776
7967
4541
121
3215
6778
8962
11
8893
2574
3250
1200
1892
2756
9003
517
6616
7648
2114
6703
5314
5698
3164
3559
602
8665
5209
8414
1812
6061
9688
3994
3906
5714
9127
2020
1603
9507
9067
6007
7542
633
3875
2182
2897
8991
3230
9093
4544
2831
7620
9310
9132
2450
8430
9474
8493
9216
4284
2262
5488
2532
5774
3090
6326
80
6081
8460
2535
5342
3220
4239
9048
3361
3484
4121
3706
157
221
4703
1261
6834
9147
1385
1426
197
328
450
6329
5897
9073
7187
5415
9779
6170
3473
7645
7684
9352
4045
3379
8035
3834
4362
215
2507
1600
193
8065
5317
9145
8335
991
7472
4061
104
1818
934
5768
9585
4379
7614
474
1122
5731
9853
8116
4583
4191
681
1997
4378
4810
7208
1589
509
6279
5876
6964
3328
1407
1459
7814
4728
9862
8983
8331
9118
2146
3144
1201
1039
6266
3285
8087
4712
7364
8134
4217
180
6156
4807
1231
5552
5977
9279
1871
3398
808
2329
293
769
8564
6647
9818
9480
8599
3708
4852
3969
7875
966
2220
5799
6150
4773
5661
4653
2135
534
6144
7834
1591
1321
8317
6042
8234
2191
9596
5724
513
4334
8192
140
5608
3301
6340
5033
9538
5484
8063
3306
9103
793
5674
706
6593
6724
4185
263
6553
508
6996
8342
8336
891
379
6284
698
1071
8595
3590
6254
7937
1821
6035
7663
7362
3912
5146
4129
9755
9260
5128
7976
2180
9836
5972
8914
183
9306
3509
25
27
6093
659
4576
3170
5860
5142
4106
8877
7863
3667
9819
8773
9338
9837
8066
2451
8278
9191
4620
5702
7337
7413
1309
6299
2697
9684
5367
7853
7422
5796
8506
1592
1045
4047
6893
2239
337
1779
1528
9149
2202
9239
5200
6226
5263
22
1446
2319
9772
3175
9208
1995
6997
1362
5147
9066
4184
2763
9123
1038
4065
4294
1612
766
5446
2456
2708
9170
8539
1533
5179
2711
8188
7059
8682
1441
5805
2842
9626
8517
269
5195
2434
7083
7293
9719
1637
3195
8412
405
6096
1374
5405
143
4377
7092
4372
5370
8226
5175
5584
7741
8860
7951
5713
2631
4477
5171
4253
2015
1481
2551
7887
4241
6117
4598
2170
1085
1106
9362
4048
9564
2035
5305
747
6726
1361
2991
830
6027
4983
5201
563
370
2771
1848
713
8139
5294
7120
6099
7683
2637
2788
8003
9672
3801
7099
6528
8386
4419
8122
7231
4073
2520
99
1622
2580
2547
9988
3424
3344
9270
4651
2518
9039
9639
5667
5361
1877
9195
7184
6575
4734
169
2664
455
1070
1319
3572
5006
141
1016
8497
3670
9783
414
4033
9886
2460
3237
7115
1698
4643
7382
7747
740
7189
661
3723
1909
5986
1265
7057
3413
1540
4364
5903
8190
8957
9945
9537
1215
275
4428
7738
9920
7291
9759
3625
2830
1869
5132
4262
4594
6741
6744
9517
831
4395
8021
3950
5412
8127
8450
1829
3439
4811
9463
2523
182
9098
3792
1675
1244
5741
4236
1963
4996
7142
5223
7930
7726
5498
2320
4306
2005
5639
6701
4508
8446
4644
3113
3755
2714
7838
3042
1370
9448
4939
1806
6615
5736
9581
514
2127
1669
7776
4201
3620
7038
666
7020
5952
1111
882
6924
265
5718
8185
1291
9256
77
8211
3011
1006
4498
5514
3499
5680
8069
8588
4521
6252
98
325
4303
2660
3793
9640
9159
9265
1497
2445
2126
6769
6539
7188
6605
7009
543
2021
9570
6222
1890
9762
5341
5730
7825
7023
2768
2261
1162
9490
8987
3612
809
145
1810
2910
8998
2632
840
8624
4030
1355
7746
9744
170
4087
9219
303
3539
7300
5483
2068
6755
2219
9969
9976
2717
2427
7234
7809
2338
2890
9086
1203
789
1660
3031
7974
8314
6231
9332
1917
5345
3785
3503
1695
7072
8147
383
3255
937
2587
7165
9965
3740
6667
5895
7556
3194
6542
2904
4967
949
8740
5032
7487
3774
8913
4391
5313
8961
2421
4335
4893
9608
9172
5734
5637
7883
6560
736
2214
4652
7785
2263
285
6813
8421
5528
5316
4344
2116
2765
647
3030
4722
161
9763
3288
9736
719
887
3574
7444
1765
3088
3356
4575
4331
5387
4748
5979
5664
9999
5362
4570
7279
9798
8847
4568
363
902
9745
4001
2908
2995
5210
689
2242
1076
6988
5331
1300
2901
7651
8468
6363
5214
116
6918
9673
7824
6516
5509
8097
2583
8552
1223
6686
4385
2540
1971
5204
1624
3180
5431
7577
1670
5728
6219
2862
9829
9841
7943
6136
4914
7933
359
1003
445
7084
4749
1557
4659
2492
8830
2045
4208
6053
5778
7932
2745
1761
3468
7727
8111
3433
9904
7705
6204
3959
3855
3624
6995
2729
7167
1173
4204
7610
8252
8869
1180
8783
1323
448
930
9061
9141
1424
5569
6658
9697
4234
5612
3714
3186
2357
4694
9046
2143
8922
8472
7998
9300
7567
8200
9523
8801
2485
7497
9824
5261
4390
8655
4981
6737
3608
7686
3648
8742
1135
5535
3827
3810
5823
7702
6882
4265
4295
4366
1588
1289
1229
6507
2420
3804
2539
9116
926
1737
3265
9681
2072
2058
3751
1972
6867
4799
8694
6772
8708
9597
2605
5071
7953
2412
1678
9730
5293
5930
2586
241
8566
1824
5414
1249
9246
8629
6323
2291
9484
8989
2327
8165
9938
3567
886
4847
8452
6753
4418
1743
4243
3623
2414
30
8043
9329
1241
1596
5806
5627
1219
6202
9432
5040
1530
1726
7242
9079
5926
6008
9238
8158
9731
9557
3601
7358
3771
248
333
204
2663
3866
2077
4004
292
6199
3847
6022
7173
3524
9869
7259
3182
5993
5377
4222
2272
7166
9496
4667
1663
9297
2256
1365
2300
6482
9056
289
5965
8459
6408
3975
535
8340
2939
6906
6565
8017
3290
5152
1770
6848
5000
3766
6217
2612
6258
7428
4205
5638
9317
8174
2203
519
3025
3263
2099
3597
1406
3585
9556
2097
4425
1186
9954
6234
8316
5299
7352
6342
3888
9856
9485
1672
3152
2206
3927
6574
5203
4994
7732
7244
3048
7483
9368
8735
5780
5463
3058
3415
8235
1983
8102
4019
7919
1115
3004
9104
5352
3435
5864
6956
1543
4609
8867
3096
6630
9203
5103
4011
1176
5003
8731
9709
4009
3673
5727
8969
532
2967
9122
5829
8919
9908
6852
4929
1853
9262
2645
8976
4955
6612
944
872
4013
9817
2884
6068
5578
7435
6145
4605
8503
5826
6994
6621
8760
9385
3145
52
7847
4162
2536
8093
1784
5936
9957
9590
6059
9527
2961
618
3419
3008
5735
4163
8826
7629
5875
5522
9457
4170
9878
4871
5871
5762
9365
5665
5644
4589
5192
5921
4345
2295
7465
6292
772
9833
8965
2279
9567
875
9090
7012
5616
4341
4160
7129
8757
9808
6622
8928
6485
5445
434
1382
2558
8952
4560
1529
5610
3210
3978
9735
8778
7580
465
7359
5687
492
8819
3578
8010
8792
9894
4963
3552
9166
2029
7055
483
5756
7936
7694
6481
4953
6624
2419
9353
6567
3562
4537
3497
7628
571
6193
854
4875
4457
4079
6281
4985
6586
7643
6015
5383
2806
9388
9807
5281
9245
7781
5472
6349
9906
7195
7412
8988
3421
2448
1275
4076
1171
4300
9194
7224
7770
36
4415
8558
5461
8979
5943
4270
8836
6710
7605
7890
3985
4770
655
4098
6155
3156
8385
9197
1152
8676
6384
7351
1435
4972
7792
6360
3565
2474
1255
3972
2399
3293
7118
8966
700
3692
5655
574
47
6338
5651
7742
2682
8163
5998
4795
5321
8092
7403
4671
6978
9165
904
5085
219
4625
7576
9961
2001
654
9025
5540
7480
7338
3284
7221
9910
8311
9134
6980
1980
1369
7237
6208
7574
8239
8549
6263
4634
3682
7341
8471
2931
7275
2266
921
4490
8639
4832
6268
3953
2406
2048
8338
259
8779
3813
6529
2197
3401
5934
4111
5863
6887
258
6524
9809
4439
5764
7554
4052
1851
3584
4276
9499
2101
7417
6540
5296
4016
9805
6721
6436
9369
2825
3472
8251
8322
658
9748
2253
9972
3852
8526
8481
3154
758
5262
8490
7916
6344
3699
7102
9618
1247
7355
6091
8889
4246
8483
8971
1582
4424
9176
6706
8425
4535
1722
897
3278
2305
8686
4206
4115
5234
7803
6722
2698
4081
6182
4310
5252
3632
5059
4054
246
3535
1442
5067
500
8805
1817
7075
122
815
5343
9918
1133
3522
6531
280
973
2882
7001
7079
7578
4407
2383
7670
6063
5889
311
4530
9946
3014
6024
8310
8218
716
4628
3437
8039
5485
5242
3247
9866
8730
1211
84
4519
3339
8755
5286
5997
3364
6210
2639
5790
6453
2390
8784
4700
7570
6029
2094
2150
7181
9522
1268
1916
6674
1411
4193
3704
7507
8380
7292
1580
3459
9052
7040
631
6011
1676
7282
1792
6295
9737
3073
8571
7402
3260
9842
1651
7186
2393
5160
4311
4940
1914
6387
4920
9183
8156
4534
1287
1258
8718
2446
1942
2826
1807
9361
3510
2548
7150
5274
262
1304
6087
6286
6445
75
4546
2688
5332
7264
6502
4931
8960
4112
7025
1758
4476
8391
7789
2502
2610
3420
1056
865
1318
3021
5004
4725
8754
7213
1337
5020
7771
6939
2987
583
1864
7159
6739
9642
2478
7992
2913
6373
9718
6537
8245
8366
3560
613
2096
3202
4924
8540
8968
3741
682
6973
5738
8465
2843
6313
8000
9982
9510
7328
6370
7163
1469
3264
4857
3640
257
9916
26
6896
7774
2552
2627
7149
5716
9401
9383
5708
6999
4375
7430
9859
5422
4617
1945
5559
7710
2415
8320
4798
4933
889
4190
1610
9481
2845
6086
2834
3337
8199
3533
6845
9107
3110
40
9130
9097
9387
191
8777
6230
5202
6312
3445
9190
9455
9121
6749
7662
2762
7882
6875
7704
7952
4350
9177
7799
3047
4383
5891
2497
4090
404
1616
6203
2980
1681
8372
4715
5824
2376
626
8589
2359
9224
3125
6309
435
2635
2425
1398
3074
9789
352
2585
8882
2178
5747
9117
3495
5061
4695
8534
1110
9254
7407
4414
9036
3477
1633
4053
6581
3116
1199
1465
6942
1571
1094
3360
880
6691
355
3193
3093
6253
9787
8001
5803
376
7846
5356
4880
4071
7761
9102
5961
3410
3707
8601
4365
4565
3358
7190
124
7384
1716
6069
2443
2193
7585
6083
4332
3016
4957
6241
177
3443
5126
2271
1960
4460
6687
2790
234
5534
4207
7219
5752
8248
9200
4624
4062
4120
2952
4706
6743
3131
7468
4573
3197
212
335
1685
4370
4322
7908
390
4539
4340
1602
7253
288
2285
6180
7717
2317
4730
6644
9384
3273
6842
6874
1767
5970
5656
5948
7521
334
2757
8853
316
9483
2311
7569
4455
7659
9339
1425
3304
6033
3544
5695
841
5028
6454
6508
2964
7716
8559
3376
4580
8926
9615
7
3486
3107
1302
76
4606
9154
6317
5110
8899
9725
848
6046
7760
7538
2103
7006
1089
205
5376
3332
5265
7759
4140
2784
7886
5076
3084
4693
1617
7893
4896
50
1474
3548
998
1067
7076
4873
5499
8891
9592
5602
2832
2666
5030
4561
7848
1991
156
8604
3918
578
10000
5427
5478
3431
3231
515
6085
7033
1741
4150
9181
1472
9715
6055
2308
4816
4168
7690
5861
4431
2290
7540
2591
2209
3123
9663
4692
8083
5825
3064
8804
2211
6297
2609
9791
8370
9305
1515
4123
7511
392
8407
7827
6786
3573
673
5026
1013
7592
1324
5454
9693
4705
7216
4119
9288
946
9781
4632
2629
4324
5441
843
9488
3932
6290
8479
7268
9629
871
2727
1512
4517
2385
5988
5783
6572
2249
4727
546
8153
1898
7652
8596
1849
4130
6802
7534
8536
4041
2233
7685
8996
1527
4796
3392
5502
3575
1793
2012
8012
3823
504
4943
5551
1260
6013
2966
2603
4919
5282
4444
3547
7876
4494
4018
5399
6006
8427
9739
2562
5761
301
8152
9675
1121
4135
6904
9328
6128
6659
1252
7175
3108
8616
6348
863
7395
3385
4758
9302
2033
1820
4661
9844
5706
2107
9820
127
6153
3240
9178
5078
9157
4532
6912
9521
8879
5360
6134
1647
6613
6878
8695
9473
3104
1393
6120
1559
9994
2889
2413
9754
8482
9512
332
3754
6678
1477
1294
6163
3797
4212
5797
9875
9133
9732
6184
2440
8854
176
1587
2661
8820
3226
5802
8984
5697
690
3405
8422
7503
427
8347
8054
3862
9526
3680
9962
9277
5433
4392
1728
8094
4845
6088
8036
3602
7484
1358
6343
6100
1172
8864
5413
5094
8713
9230
9627
7857
9863
279
8086
2797
4723
7336
4760
2391
2863
4826
2416
8844
5676
6794
7356
7945
2149
6333
8985
5503
126
9778
5167
585
1989
3600
2531
3543
3271
3564
2905
6261
7615
4167
4851
6431
4063
1841
6041
8874
7754
6191
8287
3973
8870
9751
3967
8219
8613
9222
485
9907
5820
3496
5470
5821
6073
1783
5125
3820
2868
4232
2051
3000
8193
7111
3072
4102
8160
1283
6125
714
8721
869
2370
144
4793
7170
1368
6137
4555
7470
4867
7005
5070
2092
5495
797
8113
9832
3067
3086
3742
7601
6793
3582
8972
7461
6789
2624
9560
6950
8621
6082
3934
8007
9942
186
4066
1788
573
5922
3136
4070
4228
2188
8466
2296
1445
1791
5632
9883
6594
4846
185
5487
9624
3196
4690
3079
3349
3563
2437
229
650
336
2318
162
4942
268
3654
6504
5555
