2
2
2
2
2
2
2
2
2
2
2
2
2
3
3
2
2
2
2
2
2
2
2
3
2
2
2
2
3
2
2
3
2
2
2
3
2
2
3
4
3
3
2
3
3
2
5
2
3
2
2
2
3
2
3
2
2
3
3
2
3
3
2
4
3
3
2
3
2
2
2
2
4
2
2
4
6
3
3
3
3
5
3
4
4
2
3
5
4
3
5
5
3
4
6
6
4
3
3
4
4
3
2
4
7
6
4
7
5
2
5
5
2
3
3
6
3
6
4
5
5
3
4
4
3
6
2
3
4
3
5
4
3
3
2
3
2
4
8
3
5
6
4
4
4
7
6
6
2
4
4
4
5
4
4
3
5
3
7
5
7
8
5
6
7
5
4
3
5
6
4
7
7
4
2
8
4
5
3
3
4
5
4
4
2
9
2
8
6
4
7
5
8
6
5
5
3
8
6
4
3
3
4
5
5
7
5
4
6
8
3
3
7
6
4
4
3
9
6
5
4
4
5
5
9
4
7
4
10
6
10
2
6
5
5
9
5
8
5
2
6
6
4
3
5
7
7
4
6
3
10
11
10
9
5
6
7
5
7
4
3
4
8
10
6
5
3
3
9
7
11
7
7
8
6
5
3
8
3
4
7
3
6
8
4
8
6
6
4
5
5
4
6
7
10
4
5
6
7
8
2
4
5
4
6
5
6
5
9
7
5
7
5
8
9
4
5
3
7
6
6
8
4
4
6
8
6
5
4
7
11
8
4
5
6
10
5
9
6
7
11
12
11
8
6
7
10
4
4
9
7
9
7
8
7
5
9
7
6
6
8
6
5
9
5
11
5
12
8
10
9
7
8
7
6
13
6
6
10
13
13
9
11
7
8
9
8
5
7
8
10
9
12
7
7
4
7
5
9
10
8
7
10
9
5
10
8
6
8
13
14
5
8
12
13
7
9
6
10
11
9
8
6
7
5
10
7
12
5
8
8
11
14
12
11
11
8
6
6
11
6
2
9
10
7
8
10
6
9
12
6
5
15
8
12
7
11
6
6
6
8
10
9
9
7
7
8
14
8
9
11
7
11
10
15
10
8
11
9
7
11
15
12
9
12
12
13
7
9
10
9
7
14
8
8
8
8
16
16
8
9
10
13
15
10
8
10
12
9
8
17
8
13
11
8
10
16
11
7
8
8
9
11
9
9
18
14
9
5
10
10
9
14
13
11
13
8
12
7
13
9
14
11
12
12
10
5
8
12
12
12
9
13
19
10
12
9
9
9
9
7
10
9
11
6
9
10
13
8
5
10
14
20
14
9
9
10
9
17
16
10
5
6
20
7
7
12
7
7
11
9
8
8
11
12
14
6
13
11
14
12
17
10
9
12
11
15
10
11
7
7
14
9
7
14
11
10
6
11
14
13
11
18
16
15
9
7
12
10
11
10
18
14
12
15
10
11
12
9
12
12
7
10
9
13
13
9
12
12
12
12
6
16
17
5
9
12
7
11
9
12
10
13
13
16
14
11
13
10
9
9
